[0.0065, 0.0071, 0.0066, 0.0068, 0.0065, 0.0069, 0.0069, 0.0066, 0.0073,
        0.0069, 0.0072, 0.0071, 0.0065, 0.0068, 0.0069, 0.0067, 0.0065, 0.0075,
        0.0062, 0.0076, 0.0070, 0.0070, 0.0067, 0.0065, 0.0066, 0.0063, 0.0069,
        0.0070, 0.0072, 0.0069, 0.0063, 0.0073, 0.0063, 0.0071, 0.0070, 0.0067,
        0.0070, 0.0073, 0.0070, 0.0068, 0.0070, 0.0073, 0.0074, 0.0072, 0.0076,
        0.0074, 0.0076, 0.0071, 0.0066, 0.0073, 0.0074, 0.0064, 0.0073, 0.0069,
        0.0073, 0.0069, 0.0075, 0.0068, 0.0072, 0.0063, 0.0071, 0.0066, 0.0069,
        0.0069, 0.0071, 0.0071, 0.0075, 0.0067, 0.0066, 0.0066, 0.0072, 0.0071,
        0.0066, 0.0065, 0.0071, 0.0061, 0.0068, 0.0072, 0.0066, 0.0071, 0.0075,
        0.0063, 0.0064, 0.0068, 0.0065, 0.0068, 0.0074, 0.0068, 0.0067, 0.0070,
        0.0067, 0.0072, 0.0066, 0.0070, 0.0073, 0.0068, 0.0062, 0.0077, 0.0065,
        0.0068, 0.0071, 0.0070, 0.0071, 0.0073, 0.0068, 0.0070, 0.0067, 0.0069,
        0.0073, 0.0070, 0.0072, 0.0074, 0.0068, 0.0070, 0.0070, 0.0071, 0.0071,
        0.0069, 0.0069, 0.0066, 0.0068, 0.0065, 0.0073, 0.0074, 0.0073, 0.0065,
        0.0066, 0.0072, 0.0074, 0.0071, 0.0076, 0.0071, 0.0074, 0.0066, 0.0071,
        0.0074, 0.0068, 0.0065, 0.0068, 0.0065, 0.0073, 0.0066, 0.0076, 0.0074],
       device='cuda:0', grad_fn=<SoftmaxBackward0>
[0.0065, 0.0071, 0.0066, 0.0068, 0.0065, 0.0069, 0.0069, 0.0066, 0.0073,
        0.0069, 0.0072, 0.0071, 0.0065, 0.0068, 0.0069, 0.0067, 0.0065, 0.0075,
        0.0062, 0.0076, 0.0070, 0.0070, 0.0067, 0.0065, 0.0066, 0.0063, 0.0069,
        0.0070, 0.0072, 0.0069, 0.0063, 0.0073, 0.0063, 0.0071, 0.0070, 0.0067,
        0.0070, 0.0073, 0.0070, 0.0068, 0.0070, 0.0073, 0.0074, 0.0072, 0.0076,
        0.0074, 0.0076, 0.0071, 0.0066, 0.0073, 0.0074, 0.0064, 0.0073, 0.0069,
        0.0073, 0.0069, 0.0075, 0.0068, 0.0072, 0.0063, 0.0071, 0.0066, 0.0069,
        0.0069, 0.0071, 0.0071, 0.0075, 0.0067, 0.0066, 0.0066, 0.0072, 0.0071,
        0.0066, 0.0065, 0.0071, 0.0061, 0.0068, 0.0072, 0.0066, 0.0071, 0.0075,
        0.0063, 0.0064, 0.0068, 0.0065, 0.0068, 0.0074, 0.0068, 0.0067, 0.0070,
        0.0067, 0.0072, 0.0066, 0.0070, 0.0073, 0.0068, 0.0062, 0.0077, 0.0065,
        0.0068, 0.0071, 0.0070, 0.0071, 0.0073, 0.0068, 0.0070, 0.0067, 0.0069,
        0.0073, 0.0070, 0.0072, 0.0074, 0.0068, 0.0070, 0.0070, 0.0071, 0.0071,
        0.0069, 0.0069, 0.0066, 0.0068, 0.0065, 0.0073, 0.0074, 0.0073, 0.0065,
        0.0066, 0.0072, 0.0074, 0.0071, 0.0076, 0.0071, 0.0074, 0.0066, 0.0071,
        0.0074, 0.0068, 0.0065, 0.0068, 0.0065, 0.0073, 0.0066, 0.0076, 0.0074]